{
 "cells": [
  {
   "cell_type": "code",
   "execution_count": 1,
   "id": "d68059b5",
   "metadata": {},
   "outputs": [
    {
     "data": {
      "text/html": [
       "<div>\n",
       "<style scoped>\n",
       "    .dataframe tbody tr th:only-of-type {\n",
       "        vertical-align: middle;\n",
       "    }\n",
       "\n",
       "    .dataframe tbody tr th {\n",
       "        vertical-align: top;\n",
       "    }\n",
       "\n",
       "    .dataframe thead th {\n",
       "        text-align: right;\n",
       "    }\n",
       "</style>\n",
       "<table border=\"1\" class=\"dataframe\">\n",
       "  <thead>\n",
       "    <tr style=\"text-align: right;\">\n",
       "      <th></th>\n",
       "      <th>model</th>\n",
       "      <th>cv_accuracy_mean</th>\n",
       "      <th>cv_accuracy_std</th>\n",
       "      <th>cv_f1_mean</th>\n",
       "      <th>cv_f1_std</th>\n",
       "      <th>test_accuracy</th>\n",
       "      <th>test_precision</th>\n",
       "      <th>test_recall</th>\n",
       "      <th>test_f1</th>\n",
       "      <th>test_roc_auc</th>\n",
       "      <th>n_train</th>\n",
       "      <th>n_test</th>\n",
       "    </tr>\n",
       "  </thead>\n",
       "  <tbody>\n",
       "    <tr>\n",
       "      <th>0</th>\n",
       "      <td>dummy_baseline</td>\n",
       "      <td>0.500219</td>\n",
       "      <td>0.000031</td>\n",
       "      <td>0.666861</td>\n",
       "      <td>0.000028</td>\n",
       "      <td>0.500188</td>\n",
       "      <td>0.500188</td>\n",
       "      <td>1.00000</td>\n",
       "      <td>0.666833</td>\n",
       "      <td>0.500000</td>\n",
       "      <td>31986</td>\n",
       "      <td>7997</td>\n",
       "    </tr>\n",
       "    <tr>\n",
       "      <th>1</th>\n",
       "      <td>logreg_l2</td>\n",
       "      <td>0.792784</td>\n",
       "      <td>0.004660</td>\n",
       "      <td>0.750834</td>\n",
       "      <td>0.006726</td>\n",
       "      <td>0.790797</td>\n",
       "      <td>0.945956</td>\n",
       "      <td>0.61700</td>\n",
       "      <td>0.746860</td>\n",
       "      <td>0.829807</td>\n",
       "      <td>31986</td>\n",
       "      <td>7997</td>\n",
       "    </tr>\n",
       "    <tr>\n",
       "      <th>2</th>\n",
       "      <td>linear_svm_calibrated</td>\n",
       "      <td>0.792784</td>\n",
       "      <td>0.004786</td>\n",
       "      <td>0.750871</td>\n",
       "      <td>0.006860</td>\n",
       "      <td>0.791422</td>\n",
       "      <td>0.947773</td>\n",
       "      <td>0.61700</td>\n",
       "      <td>0.747426</td>\n",
       "      <td>0.829602</td>\n",
       "      <td>31986</td>\n",
       "      <td>7997</td>\n",
       "    </tr>\n",
       "    <tr>\n",
       "      <th>3</th>\n",
       "      <td>random_forest</td>\n",
       "      <td>0.796223</td>\n",
       "      <td>0.003256</td>\n",
       "      <td>0.765870</td>\n",
       "      <td>0.004872</td>\n",
       "      <td>0.800050</td>\n",
       "      <td>0.910427</td>\n",
       "      <td>0.66575</td>\n",
       "      <td>0.769097</td>\n",
       "      <td>0.832766</td>\n",
       "      <td>31986</td>\n",
       "      <td>7997</td>\n",
       "    </tr>\n",
       "    <tr>\n",
       "      <th>4</th>\n",
       "      <td>extra_trees</td>\n",
       "      <td>0.795160</td>\n",
       "      <td>0.003252</td>\n",
       "      <td>0.762896</td>\n",
       "      <td>0.005446</td>\n",
       "      <td>0.797924</td>\n",
       "      <td>0.918833</td>\n",
       "      <td>0.65375</td>\n",
       "      <td>0.763950</td>\n",
       "      <td>0.826508</td>\n",
       "      <td>31986</td>\n",
       "      <td>7997</td>\n",
       "    </tr>\n",
       "    <tr>\n",
       "      <th>5</th>\n",
       "      <td>gradient_boosting</td>\n",
       "      <td>0.808823</td>\n",
       "      <td>0.003684</td>\n",
       "      <td>0.775525</td>\n",
       "      <td>0.005516</td>\n",
       "      <td>0.809053</td>\n",
       "      <td>0.947521</td>\n",
       "      <td>0.65450</td>\n",
       "      <td>0.774213</td>\n",
       "      <td>0.844844</td>\n",
       "      <td>31986</td>\n",
       "      <td>7997</td>\n",
       "    </tr>\n",
       "    <tr>\n",
       "      <th>6</th>\n",
       "      <td>xgboost</td>\n",
       "      <td>0.804727</td>\n",
       "      <td>0.003580</td>\n",
       "      <td>0.770922</td>\n",
       "      <td>0.004948</td>\n",
       "      <td>0.807303</td>\n",
       "      <td>0.942107</td>\n",
       "      <td>0.65500</td>\n",
       "      <td>0.772747</td>\n",
       "      <td>0.841042</td>\n",
       "      <td>31986</td>\n",
       "      <td>7997</td>\n",
       "    </tr>\n",
       "    <tr>\n",
       "      <th>7</th>\n",
       "      <td>lightgbm</td>\n",
       "      <td>0.805009</td>\n",
       "      <td>0.002713</td>\n",
       "      <td>0.771881</td>\n",
       "      <td>0.004066</td>\n",
       "      <td>0.806052</td>\n",
       "      <td>0.936231</td>\n",
       "      <td>0.65700</td>\n",
       "      <td>0.772146</td>\n",
       "      <td>0.841671</td>\n",
       "      <td>31986</td>\n",
       "      <td>7997</td>\n",
       "    </tr>\n",
       "    <tr>\n",
       "      <th>8</th>\n",
       "      <td>catboost</td>\n",
       "      <td>0.808635</td>\n",
       "      <td>0.003726</td>\n",
       "      <td>0.774925</td>\n",
       "      <td>0.005592</td>\n",
       "      <td>0.808803</td>\n",
       "      <td>0.941408</td>\n",
       "      <td>0.65875</td>\n",
       "      <td>0.775114</td>\n",
       "      <td>0.843362</td>\n",
       "      <td>31986</td>\n",
       "      <td>7997</td>\n",
       "    </tr>\n",
       "    <tr>\n",
       "      <th>9</th>\n",
       "      <td>knn</td>\n",
       "      <td>0.786250</td>\n",
       "      <td>0.004038</td>\n",
       "      <td>0.753590</td>\n",
       "      <td>0.006158</td>\n",
       "      <td>0.789671</td>\n",
       "      <td>0.902990</td>\n",
       "      <td>0.64925</td>\n",
       "      <td>0.755381</td>\n",
       "      <td>0.820898</td>\n",
       "      <td>31986</td>\n",
       "      <td>7997</td>\n",
       "    </tr>\n",
       "    <tr>\n",
       "      <th>10</th>\n",
       "      <td>gaussian_nb</td>\n",
       "      <td>0.744294</td>\n",
       "      <td>0.004801</td>\n",
       "      <td>0.657307</td>\n",
       "      <td>0.008793</td>\n",
       "      <td>0.745780</td>\n",
       "      <td>0.997975</td>\n",
       "      <td>0.49275</td>\n",
       "      <td>0.659749</td>\n",
       "      <td>0.826918</td>\n",
       "      <td>31986</td>\n",
       "      <td>7997</td>\n",
       "    </tr>\n",
       "    <tr>\n",
       "      <th>11</th>\n",
       "      <td>bagging_trees</td>\n",
       "      <td>0.799819</td>\n",
       "      <td>0.003796</td>\n",
       "      <td>0.769935</td>\n",
       "      <td>0.005625</td>\n",
       "      <td>0.800550</td>\n",
       "      <td>0.910830</td>\n",
       "      <td>0.66650</td>\n",
       "      <td>0.769742</td>\n",
       "      <td>0.837357</td>\n",
       "      <td>31986</td>\n",
       "      <td>7997</td>\n",
       "    </tr>\n",
       "    <tr>\n",
       "      <th>12</th>\n",
       "      <td>mlp</td>\n",
       "      <td>0.793128</td>\n",
       "      <td>0.004438</td>\n",
       "      <td>0.751379</td>\n",
       "      <td>0.006738</td>\n",
       "      <td>0.793047</td>\n",
       "      <td>0.949062</td>\n",
       "      <td>0.61950</td>\n",
       "      <td>0.749660</td>\n",
       "      <td>0.829611</td>\n",
       "      <td>31986</td>\n",
       "      <td>7997</td>\n",
       "    </tr>\n",
       "  </tbody>\n",
       "</table>\n",
       "</div>"
      ],
      "text/plain": [
       "                    model  cv_accuracy_mean  cv_accuracy_std  cv_f1_mean  \\\n",
       "0          dummy_baseline          0.500219         0.000031    0.666861   \n",
       "1               logreg_l2          0.792784         0.004660    0.750834   \n",
       "2   linear_svm_calibrated          0.792784         0.004786    0.750871   \n",
       "3           random_forest          0.796223         0.003256    0.765870   \n",
       "4             extra_trees          0.795160         0.003252    0.762896   \n",
       "5       gradient_boosting          0.808823         0.003684    0.775525   \n",
       "6                 xgboost          0.804727         0.003580    0.770922   \n",
       "7                lightgbm          0.805009         0.002713    0.771881   \n",
       "8                catboost          0.808635         0.003726    0.774925   \n",
       "9                     knn          0.786250         0.004038    0.753590   \n",
       "10            gaussian_nb          0.744294         0.004801    0.657307   \n",
       "11          bagging_trees          0.799819         0.003796    0.769935   \n",
       "12                    mlp          0.793128         0.004438    0.751379   \n",
       "\n",
       "    cv_f1_std  test_accuracy  test_precision  test_recall   test_f1  \\\n",
       "0    0.000028       0.500188        0.500188      1.00000  0.666833   \n",
       "1    0.006726       0.790797        0.945956      0.61700  0.746860   \n",
       "2    0.006860       0.791422        0.947773      0.61700  0.747426   \n",
       "3    0.004872       0.800050        0.910427      0.66575  0.769097   \n",
       "4    0.005446       0.797924        0.918833      0.65375  0.763950   \n",
       "5    0.005516       0.809053        0.947521      0.65450  0.774213   \n",
       "6    0.004948       0.807303        0.942107      0.65500  0.772747   \n",
       "7    0.004066       0.806052        0.936231      0.65700  0.772146   \n",
       "8    0.005592       0.808803        0.941408      0.65875  0.775114   \n",
       "9    0.006158       0.789671        0.902990      0.64925  0.755381   \n",
       "10   0.008793       0.745780        0.997975      0.49275  0.659749   \n",
       "11   0.005625       0.800550        0.910830      0.66650  0.769742   \n",
       "12   0.006738       0.793047        0.949062      0.61950  0.749660   \n",
       "\n",
       "    test_roc_auc  n_train  n_test  \n",
       "0       0.500000    31986    7997  \n",
       "1       0.829807    31986    7997  \n",
       "2       0.829602    31986    7997  \n",
       "3       0.832766    31986    7997  \n",
       "4       0.826508    31986    7997  \n",
       "5       0.844844    31986    7997  \n",
       "6       0.841042    31986    7997  \n",
       "7       0.841671    31986    7997  \n",
       "8       0.843362    31986    7997  \n",
       "9       0.820898    31986    7997  \n",
       "10      0.826918    31986    7997  \n",
       "11      0.837357    31986    7997  \n",
       "12      0.829611    31986    7997  "
      ]
     },
     "execution_count": 1,
     "metadata": {},
     "output_type": "execute_result"
    }
   ],
   "source": [
    "import pandas as pd\n",
    "import matplotlib.pyplot as plt\n",
    "\n",
    "metrics = pd.read_csv(\"../reports/metrics_pair_noq/metrics_summary.tsv\", sep=\"\\t\")\n",
    "metrics"
   ]
  },
  {
   "cell_type": "code",
   "execution_count": 2,
   "id": "9a2a6c80",
   "metadata": {},
   "outputs": [
    {
     "data": {
      "text/html": [
       "<div>\n",
       "<style scoped>\n",
       "    .dataframe tbody tr th:only-of-type {\n",
       "        vertical-align: middle;\n",
       "    }\n",
       "\n",
       "    .dataframe tbody tr th {\n",
       "        vertical-align: top;\n",
       "    }\n",
       "\n",
       "    .dataframe thead th {\n",
       "        text-align: right;\n",
       "    }\n",
       "</style>\n",
       "<table border=\"1\" class=\"dataframe\">\n",
       "  <thead>\n",
       "    <tr style=\"text-align: right;\">\n",
       "      <th></th>\n",
       "      <th>model</th>\n",
       "      <th>cv_accuracy_mean</th>\n",
       "      <th>cv_accuracy_std</th>\n",
       "      <th>cv_f1_mean</th>\n",
       "      <th>cv_f1_std</th>\n",
       "      <th>test_accuracy</th>\n",
       "      <th>test_precision</th>\n",
       "      <th>test_recall</th>\n",
       "      <th>test_f1</th>\n",
       "      <th>test_roc_auc</th>\n",
       "      <th>n_train</th>\n",
       "      <th>n_test</th>\n",
       "    </tr>\n",
       "  </thead>\n",
       "  <tbody>\n",
       "    <tr>\n",
       "      <th>0</th>\n",
       "      <td>catboost</td>\n",
       "      <td>0.808635</td>\n",
       "      <td>0.003726</td>\n",
       "      <td>0.774925</td>\n",
       "      <td>0.005592</td>\n",
       "      <td>0.808803</td>\n",
       "      <td>0.941408</td>\n",
       "      <td>0.65875</td>\n",
       "      <td>0.775114</td>\n",
       "      <td>0.843362</td>\n",
       "      <td>31986</td>\n",
       "      <td>7997</td>\n",
       "    </tr>\n",
       "    <tr>\n",
       "      <th>1</th>\n",
       "      <td>gradient_boosting</td>\n",
       "      <td>0.808823</td>\n",
       "      <td>0.003684</td>\n",
       "      <td>0.775525</td>\n",
       "      <td>0.005516</td>\n",
       "      <td>0.809053</td>\n",
       "      <td>0.947521</td>\n",
       "      <td>0.65450</td>\n",
       "      <td>0.774213</td>\n",
       "      <td>0.844844</td>\n",
       "      <td>31986</td>\n",
       "      <td>7997</td>\n",
       "    </tr>\n",
       "    <tr>\n",
       "      <th>2</th>\n",
       "      <td>xgboost</td>\n",
       "      <td>0.804727</td>\n",
       "      <td>0.003580</td>\n",
       "      <td>0.770922</td>\n",
       "      <td>0.004948</td>\n",
       "      <td>0.807303</td>\n",
       "      <td>0.942107</td>\n",
       "      <td>0.65500</td>\n",
       "      <td>0.772747</td>\n",
       "      <td>0.841042</td>\n",
       "      <td>31986</td>\n",
       "      <td>7997</td>\n",
       "    </tr>\n",
       "    <tr>\n",
       "      <th>3</th>\n",
       "      <td>lightgbm</td>\n",
       "      <td>0.805009</td>\n",
       "      <td>0.002713</td>\n",
       "      <td>0.771881</td>\n",
       "      <td>0.004066</td>\n",
       "      <td>0.806052</td>\n",
       "      <td>0.936231</td>\n",
       "      <td>0.65700</td>\n",
       "      <td>0.772146</td>\n",
       "      <td>0.841671</td>\n",
       "      <td>31986</td>\n",
       "      <td>7997</td>\n",
       "    </tr>\n",
       "    <tr>\n",
       "      <th>4</th>\n",
       "      <td>bagging_trees</td>\n",
       "      <td>0.799819</td>\n",
       "      <td>0.003796</td>\n",
       "      <td>0.769935</td>\n",
       "      <td>0.005625</td>\n",
       "      <td>0.800550</td>\n",
       "      <td>0.910830</td>\n",
       "      <td>0.66650</td>\n",
       "      <td>0.769742</td>\n",
       "      <td>0.837357</td>\n",
       "      <td>31986</td>\n",
       "      <td>7997</td>\n",
       "    </tr>\n",
       "    <tr>\n",
       "      <th>5</th>\n",
       "      <td>random_forest</td>\n",
       "      <td>0.796223</td>\n",
       "      <td>0.003256</td>\n",
       "      <td>0.765870</td>\n",
       "      <td>0.004872</td>\n",
       "      <td>0.800050</td>\n",
       "      <td>0.910427</td>\n",
       "      <td>0.66575</td>\n",
       "      <td>0.769097</td>\n",
       "      <td>0.832766</td>\n",
       "      <td>31986</td>\n",
       "      <td>7997</td>\n",
       "    </tr>\n",
       "    <tr>\n",
       "      <th>6</th>\n",
       "      <td>extra_trees</td>\n",
       "      <td>0.795160</td>\n",
       "      <td>0.003252</td>\n",
       "      <td>0.762896</td>\n",
       "      <td>0.005446</td>\n",
       "      <td>0.797924</td>\n",
       "      <td>0.918833</td>\n",
       "      <td>0.65375</td>\n",
       "      <td>0.763950</td>\n",
       "      <td>0.826508</td>\n",
       "      <td>31986</td>\n",
       "      <td>7997</td>\n",
       "    </tr>\n",
       "    <tr>\n",
       "      <th>7</th>\n",
       "      <td>knn</td>\n",
       "      <td>0.786250</td>\n",
       "      <td>0.004038</td>\n",
       "      <td>0.753590</td>\n",
       "      <td>0.006158</td>\n",
       "      <td>0.789671</td>\n",
       "      <td>0.902990</td>\n",
       "      <td>0.64925</td>\n",
       "      <td>0.755381</td>\n",
       "      <td>0.820898</td>\n",
       "      <td>31986</td>\n",
       "      <td>7997</td>\n",
       "    </tr>\n",
       "    <tr>\n",
       "      <th>8</th>\n",
       "      <td>mlp</td>\n",
       "      <td>0.793128</td>\n",
       "      <td>0.004438</td>\n",
       "      <td>0.751379</td>\n",
       "      <td>0.006738</td>\n",
       "      <td>0.793047</td>\n",
       "      <td>0.949062</td>\n",
       "      <td>0.61950</td>\n",
       "      <td>0.749660</td>\n",
       "      <td>0.829611</td>\n",
       "      <td>31986</td>\n",
       "      <td>7997</td>\n",
       "    </tr>\n",
       "    <tr>\n",
       "      <th>9</th>\n",
       "      <td>linear_svm_calibrated</td>\n",
       "      <td>0.792784</td>\n",
       "      <td>0.004786</td>\n",
       "      <td>0.750871</td>\n",
       "      <td>0.006860</td>\n",
       "      <td>0.791422</td>\n",
       "      <td>0.947773</td>\n",
       "      <td>0.61700</td>\n",
       "      <td>0.747426</td>\n",
       "      <td>0.829602</td>\n",
       "      <td>31986</td>\n",
       "      <td>7997</td>\n",
       "    </tr>\n",
       "    <tr>\n",
       "      <th>10</th>\n",
       "      <td>logreg_l2</td>\n",
       "      <td>0.792784</td>\n",
       "      <td>0.004660</td>\n",
       "      <td>0.750834</td>\n",
       "      <td>0.006726</td>\n",
       "      <td>0.790797</td>\n",
       "      <td>0.945956</td>\n",
       "      <td>0.61700</td>\n",
       "      <td>0.746860</td>\n",
       "      <td>0.829807</td>\n",
       "      <td>31986</td>\n",
       "      <td>7997</td>\n",
       "    </tr>\n",
       "    <tr>\n",
       "      <th>11</th>\n",
       "      <td>dummy_baseline</td>\n",
       "      <td>0.500219</td>\n",
       "      <td>0.000031</td>\n",
       "      <td>0.666861</td>\n",
       "      <td>0.000028</td>\n",
       "      <td>0.500188</td>\n",
       "      <td>0.500188</td>\n",
       "      <td>1.00000</td>\n",
       "      <td>0.666833</td>\n",
       "      <td>0.500000</td>\n",
       "      <td>31986</td>\n",
       "      <td>7997</td>\n",
       "    </tr>\n",
       "    <tr>\n",
       "      <th>12</th>\n",
       "      <td>gaussian_nb</td>\n",
       "      <td>0.744294</td>\n",
       "      <td>0.004801</td>\n",
       "      <td>0.657307</td>\n",
       "      <td>0.008793</td>\n",
       "      <td>0.745780</td>\n",
       "      <td>0.997975</td>\n",
       "      <td>0.49275</td>\n",
       "      <td>0.659749</td>\n",
       "      <td>0.826918</td>\n",
       "      <td>31986</td>\n",
       "      <td>7997</td>\n",
       "    </tr>\n",
       "  </tbody>\n",
       "</table>\n",
       "</div>"
      ],
      "text/plain": [
       "                    model  cv_accuracy_mean  cv_accuracy_std  cv_f1_mean  \\\n",
       "0                catboost          0.808635         0.003726    0.774925   \n",
       "1       gradient_boosting          0.808823         0.003684    0.775525   \n",
       "2                 xgboost          0.804727         0.003580    0.770922   \n",
       "3                lightgbm          0.805009         0.002713    0.771881   \n",
       "4           bagging_trees          0.799819         0.003796    0.769935   \n",
       "5           random_forest          0.796223         0.003256    0.765870   \n",
       "6             extra_trees          0.795160         0.003252    0.762896   \n",
       "7                     knn          0.786250         0.004038    0.753590   \n",
       "8                     mlp          0.793128         0.004438    0.751379   \n",
       "9   linear_svm_calibrated          0.792784         0.004786    0.750871   \n",
       "10              logreg_l2          0.792784         0.004660    0.750834   \n",
       "11         dummy_baseline          0.500219         0.000031    0.666861   \n",
       "12            gaussian_nb          0.744294         0.004801    0.657307   \n",
       "\n",
       "    cv_f1_std  test_accuracy  test_precision  test_recall   test_f1  \\\n",
       "0    0.005592       0.808803        0.941408      0.65875  0.775114   \n",
       "1    0.005516       0.809053        0.947521      0.65450  0.774213   \n",
       "2    0.004948       0.807303        0.942107      0.65500  0.772747   \n",
       "3    0.004066       0.806052        0.936231      0.65700  0.772146   \n",
       "4    0.005625       0.800550        0.910830      0.66650  0.769742   \n",
       "5    0.004872       0.800050        0.910427      0.66575  0.769097   \n",
       "6    0.005446       0.797924        0.918833      0.65375  0.763950   \n",
       "7    0.006158       0.789671        0.902990      0.64925  0.755381   \n",
       "8    0.006738       0.793047        0.949062      0.61950  0.749660   \n",
       "9    0.006860       0.791422        0.947773      0.61700  0.747426   \n",
       "10   0.006726       0.790797        0.945956      0.61700  0.746860   \n",
       "11   0.000028       0.500188        0.500188      1.00000  0.666833   \n",
       "12   0.008793       0.745780        0.997975      0.49275  0.659749   \n",
       "\n",
       "    test_roc_auc  n_train  n_test  \n",
       "0       0.843362    31986    7997  \n",
       "1       0.844844    31986    7997  \n",
       "2       0.841042    31986    7997  \n",
       "3       0.841671    31986    7997  \n",
       "4       0.837357    31986    7997  \n",
       "5       0.832766    31986    7997  \n",
       "6       0.826508    31986    7997  \n",
       "7       0.820898    31986    7997  \n",
       "8       0.829611    31986    7997  \n",
       "9       0.829602    31986    7997  \n",
       "10      0.829807    31986    7997  \n",
       "11      0.500000    31986    7997  \n",
       "12      0.826918    31986    7997  "
      ]
     },
     "execution_count": 2,
     "metadata": {},
     "output_type": "execute_result"
    }
   ],
   "source": [
    "metrics_sorted = metrics.sort_values(\"test_f1\", ascending=False).reset_index(drop=True)\n",
    "metrics_sorted"
   ]
  },
  {
   "cell_type": "code",
   "execution_count": 3,
   "id": "eb6bdc54",
   "metadata": {},
   "outputs": [
    {
     "data": {
